00001100
00111111
00001100
00001110
00001100
00000001
00000101
00000000
00000110
00000000
00000110
00000001
00000101
10010100
00000110
00000010
00000101
00000000
00000110
00000100
00001100
11000111
00001101
01011110
00000000
00000000
00001111
00000101
00000011
00000010
00000100
00000101
00001001
10011000
00010011
00000110
00000011
00000000
00000101
00000000
00010001
00000000
00001001
00101110
00001011
00110100
00000101
00000000
00000110
00000001
00000000
00000000
00000011
00000000
00000101
00001111
00010001
00000000
00001001
00111110
00001011
01000100
00000101
00000001
00000110
00000001
00000000
00000000
00000011
00000000
00000101
00000000
00010001
00000000
00000001
00000111
00000011
00000001
00000101
00000000
00010001
00000000
00001001
01010110
00001011
01011110
00000011
00000000
00000101
00000001
00010001
00000000
00000001
00000000
00000011
00000001
00000101
00000001
00010001
00000000
00001001
01101000
00001011
01110000
00000011
00000000
00000101
00000001
00010001
00000000
00000010
00000000
00000011
00000000
00000101
10000000
00010001
00000000
00000001
00000110
00001011
00011000
00001101
01010111
00001101
01001001
00001101
01001110
00001101
00100001
00001011
10101110
00001101
01001100
00001101
01001111
00001101
01010011
00001101
01010011
00001011
10101110
00001010
00000000
00001010
00000000
00001010
00000000
00001010
00000000
00001010
00000000
00001100
10000000
00000011
00000111
00000101
00000111
00010001
00000000
00001001
01111010
00001011
10000100
00001010
00000000
00001010
00000000
00001010
00000000
00001010
00000000
00001010
00000000
00001111
00000101
00000011
00000101
00000101
10110101
00010001
00000000
00001001
00000000
00001011
10101110
00000000
00000000
00000000
00000000
00000000
00000000
00000000
00000000
00000000
00000000
00000000
00000000
00000000
00000000
00000000
00000000
00000000
00000000
00000000
00000000
00000000
00000000
00000000
00000000
00000000
00000000
00000000
00000000
00000000
00000000
00000000
00000000
00000000
00000000
00000000
00000000
00000000
00000000
00000000
00000000
00000000
00000000
00000000
00000000
00000000
00000000
00000000
00000000
00000000
00000000
00000000
00000000
00000000
00000000
00000000
00000000
00000000
00000000
00000000
00000000
00000000
00000000
00000000
00000000
00000000
00000000
00000000
00000000
00000000
00000000
