00001100
00111111
00001100
00001111
00001100
00000001
00001011
01000000
00000101
00000001
00000110
00000111
00000110
00001000
00000011
00000111
00000100
00001000
00000001
00001000
00000001
00000000
00000101
00011100
00000110
00000101
00001011
10000000
00001100
00000001
00001110
00000011
00001110
00000010
00001110
00000001
00000011
00000111
00000100
00001000
00000001
00000111
00000001
00000000
00000101
00110010
00000110
00000101
00001011
10000000
00001100
00000001
00001110
00000011
00001110
00000010
00001110
00000001
00001011
00001110
00000000
00000000
00000000
00000000
00001101
01000110
00001101
01001001
00001101
01000010
00001101
01001111
00001101
01001110
00001101
01000001
00001101
01000011
00001101
01000011
00001101
01001001
00001101
00100000
00001100
11000000
00001101
01010011
00001101
01000101
00001101
01010001
00001101
01010101
00001101
01000101
00001101
01001110
00001101
01000011
00001101
01000101
00001100
10000000
00001011
00001000
00000000
00000000
00000000
00000000
00000000
00000000
00000000
00000000
00000000
00000000
00000000
00000000
00000000
00000000
00000000
00000000
00000000
00000000
00000000
00000000
00000000
00000000
00000101
00000000
00000110
00000001
00000110
00000010
00000110
00000011
00000110
00000100
00000011
00000001
00000101
00001010
00010001
00000000
00001001
10010100
00001011
10100000
00000011
00000010
00000101
00000001
00010001
00000000
00000001
00000010
00000101
00000000
00000110
00000001
00000011
00000010
00000101
00001010
00010001
00000000
00001001
10101010
00001011
10110110
00000011
00000011
00000101
00000001
00010001
00000000
00000001
00000011
00000101
00000000
00000110
00000010
00000011
00000100
00000100
00000000
00001001
10111110
00001011
11010000
00000101
00110000
00010000
00000000
00000100
00000001
00000001
00000001
00000100
00000010
00000001
00000010
00000100
00000011
00000001
00000011
00010010
00000101
00000011
00000001
00000101
00000001
00010001
00000000
00000001
00000001
00000011
00000100
00000001
00000100
00001011
10001010
00001010
00000000
00000000
00000000
00000000
00000000
00000000
00000000
00000000
00000000
00000000
00000000
00000000
00000000
00000000
00000000
00000000
00000000
00000000
00000000
00000000
00000000
00000000
00000000
00000000
00000000
00000000
00000000
00000000
00000000
00000000
00000000
00000000
00000000
